1996.731323	2885.476318	12179.345703	9214.642578	8599.300781	6507.433594	6666.517090	2384.576416	5492.208496	8054.550781	4340.780762	3585.338867
3701.513672	7646.245605	19908.771484	22467.660156	18748.609375	17657.681641	12289.386719	4002.803467	12749.645508	19693.746094	9935.803711	8445.204102
3850.499023	7656.912598	15834.545898	24087.132812	16894.937500	19780.052734	9428.390625	3200.388672	11517.527344	21715.613281	7902.386230	7859.649902
4871.672852	8012.630371	18615.054688	18623.785156	14247.696289	17565.226562	8198.643555	3294.264893	7136.314453	17022.046875	6308.012695	5131.521484
3919.836182	9532.708008	22772.431641	19257.017578	14674.278320	16139.127930	10638.414062	5815.006348	8407.326172	17979.208984	7944.050781	5055.381348
1713.169312	11854.526367	25457.439453	19994.494141	21686.294922	14697.316406	12201.593750	7742.301270	10750.894531	23672.775391	8873.739258	6236.725098
1190.408813	10572.830078	30911.031250	18714.425781	33021.613281	14550.387695	14121.348633	6859.076660	11296.301758	33722.593750	15461.578125	7439.600098
4359.431152	11675.499023	37751.921875	19152.880859	38882.230469	14373.372070	12695.731445	7073.837402	11795.279297	37106.492188	17261.337891	7709.442383
5095.760742	13366.371094	37558.738281	17080.140625	46100.789062	19942.814453	9455.402344	8281.084961	11770.438477	30470.427734	10565.707031	6021.585938
1839.355469	8241.859375	34280.132812	17899.562500	56508.070312	26251.533203	9867.728516	7146.920898	16247.081055	33091.628906	10816.410156	6008.869629
2029.981323	5637.085938	32594.605469	20766.283203	51392.382812	23027.193359	9659.776367	4217.050781	15575.453125	31428.458984	12368.944336	7253.437988
2534.244629	5331.973633	33388.781250	25844.156250	45155.351562	19291.382812	10627.711914	3781.959961	12589.512695	25972.939453	10383.144531	7340.306641
2538.428711	6845.563477	36712.679688	32500.144531	49651.390625	15620.048828	11368.984375	4480.159668	12291.669922	31871.619141	14743.854492	7513.927246
2793.910645	8021.151367	38260.125000	39776.375000	56319.222656	14108.929688	12323.165039	3453.232666	8980.677734	39803.105469	19636.207031	7316.530762
3893.917236	8281.848633	36314.316406	37109.281250	56419.855469	15234.462891	11776.624023	4274.301758	7772.816406	41213.285156	17990.457031	6340.139160
4693.973145	9021.790039	27161.755859	30687.572266	52516.191406	15927.955078	9242.717773	8258.471680	6886.243652	28390.648438	11555.003906	4281.483887
4419.873535	10087.275391	35830.503906	26364.257812	46760.273438	20304.787109	7819.152344	9377.179688	7597.911621	19580.878906	10729.900391	3296.419189
4394.524902	9088.166992	39034.437500	25423.556641	38725.664062	20929.382812	11340.417969	7882.271484	9551.738281	20448.650391	17785.511719	5387.059570
3862.391357	10913.657227	29338.544922	23194.042969	33513.136719	16810.654297	12759.916992	7884.434570	16004.061523	28838.949219	18632.275391	5373.921387
4307.922363	13811.863281	37053.222656	15665.206055	37486.707031	15340.212891	10279.476562	5510.895996	16702.871094	31683.322266	13984.856445	4660.706543
5078.585938	13220.910156	45443.839844	17706.833984	42510.785156	16622.695312	9938.110352	4165.741211	11091.198242	22837.287109	13945.970703	6028.886719
3388.197266	14161.470703	41923.445312	20371.091797	29407.474609	13963.433594	8834.580078	4218.180664	7533.441406	17993.820312	12688.018555	5720.748047
2313.092285	13085.103516	38500.707031	15813.008789	23286.261719	13646.619141	6509.824219	3567.822266	7552.674805	17260.197266	13992.049805	5641.240234
3058.910889	10343.453125	43022.515625	18208.111328	23032.167969	14640.229492	6983.456543	4397.822754	13868.322266	26825.287109	17563.484375	5788.229492
3658.070312	11693.857422	38298.695312	24303.621094	18407.156250	14644.531250	12678.768555	3507.845215	16111.166016	32399.500000	17077.238281	6109.675293
4035.380859	11959.823242	30026.132812	18207.281250	15844.333008	15161.091797	12325.017578	2562.810303	13836.394531	26667.398438	17802.548828	6070.354980
3665.045898	11265.625977	28550.589844	19101.337891	14168.101562	15451.685547	7154.695801	3206.508545	12786.292969	22872.669922	16867.210938	5275.627441
2932.375732	12403.271484	27206.466797	28376.804688	16789.812500	15034.105469	6339.422363	3607.375488	15088.620117	25967.632812	14220.514648	5541.375000
2969.999756	10033.163086	22756.837891	25461.798828	15440.679688	16260.060547	7757.343262	3954.123291	11811.133789	19793.824219	8619.112305	4903.401855
3704.800293	10766.332031	28824.617188	22929.792969	15777.598633	17108.507812	12614.365234	3514.784912	9246.318359	15160.551758	6442.420410	5166.878418
3432.687012	12450.977539	32155.917969	25757.748047	16303.030273	11730.358398	12003.308594	5157.582520	14699.007812	18779.011719	12603.232422	7534.360352
3791.501465	10341.278320	25793.039062	18962.861328	11448.474609	12678.567383	7656.783203	4786.846680	13891.701172	19384.171875	14128.581055	6531.754395
6082.126465	11350.537109	21084.595703	23119.755859	9703.275391	15287.613281	8117.824707	4839.670410	11514.398438	19855.173828	10517.651367	4847.465332
5443.365723	10693.660156	16479.183594	28931.052734	12603.473633	11996.271484	6610.504883	10951.755859	12015.060547	18324.070312	9535.044922	6009.913574
3711.439209	9658.086914	18076.324219	18391.257812	15920.658203	11899.581055	7117.755371	11461.473633	9562.796875	17123.005859	9424.281250	5987.906738
4640.002930	10547.883789	16314.666992	12643.096680	17591.857422	13525.164062	10603.841797	7454.647949	9857.606445	19060.085938	7549.537598	4899.770508
4003.268311	12934.990234	15534.958984	10021.192383	16293.791992	11321.422852	9192.134766	4819.443848	10062.992188	18187.941406	8297.913086	4012.635010
3442.187256	11274.150391	22955.808594	11827.644531	17117.361328	8700.970703	9344.240234	3868.024414	9011.932617	15162.471680	10407.839844	4061.778076
4861.979980	6866.726562	26881.472656	12775.555664	16444.806641	9993.587891	10118.773438	5739.170898	10622.615234	18447.250000	8159.038086	4675.821289
4392.100098	10112.405273	29546.220703	13555.626953	19182.695312	10640.348633	6554.899414	6168.825195	9392.758789	17948.623047	6574.962402	5064.355469
2031.125610	11507.823242	28484.179688	15564.648438	21484.125000	9693.966797	4140.529785	6355.851562	8623.068359	15106.096680	8507.125000	4740.872070
1742.991699	11613.316406	22506.777344	13588.030273	15192.488281	10781.339844	5264.872559	5414.841309	8704.913086	17394.617188	8110.352051	4322.516602
2020.840332	9238.194336	25839.681641	15121.937500	10796.033203	10363.804688	6308.567871	2929.500977	8611.312500	20082.476562	6640.367676	4401.097168
2603.626465	6593.094238	28013.125000	17134.740234	7211.411621	8520.357422	6057.668945	3733.941162	10127.617188	17780.048828	7630.223633	3990.873047
3115.988037	8096.394531	21925.955078	15961.309570	8948.564453	8852.758789	6234.454590	4647.005859	9465.618164	15520.523438	7808.207031	3483.837891
3756.069580	8765.898438	28485.035156	11742.395508	9128.064453	10589.027344	6762.540039	6312.276855	9573.414062	14461.955078	7954.431152	3497.033203
3741.876465	10418.569336	31752.976562	6114.879395	7558.761230	9635.303711	8343.592773	6749.801758	9993.046875	16428.648438	9197.618164	3722.823730
3565.079590	14464.107422	24565.421875	7814.471191	7422.646484	7658.375000	10764.443359	5145.981445	10709.627930	20188.269531	8778.671875	3743.376953
3745.322266	13705.795898	26470.726562	15365.245117	7529.494141	11722.017578	10823.189453	7676.425781	11497.569336	18742.597656	7574.326172	3902.346436
3745.887695	8776.585938	34340.875000	17258.304688	13208.917969	20238.376953	8109.714844	8806.322266	10868.391602	18687.384766	8118.509766	3679.732666
3521.714600	10849.402344	26354.724609	28298.621094	20232.259766	26120.818359	7947.812988	8657.358398	9922.293945	19006.689453	8191.548340	3347.189697
3959.699463	10706.867188	24650.003906	31073.361328	18636.378906	20592.404297	12354.041992	8192.039062	10798.173828	15408.117188	9218.524414	3910.052979
3829.953857	8921.027344	26213.882812	33624.992188	14330.622070	16438.824219	16038.231445	5977.341309	11891.485352	20859.527344	8925.496094	3887.610596
3044.327148	6676.508789	17955.550781	32134.884766	9571.038086	19292.617188	12886.689453	6433.597168	10753.675781	24724.759766	9952.852539	3977.951660
5655.910156	5085.407227	13800.672852	23080.619141	9003.215820	15965.818359	8790.095703	6554.726562	12876.141602	16063.958008	9184.754883	4800.931641
7550.749023	10052.629883	15700.400391	24620.324219	14819.742188	15449.058594	8674.983398	5107.439941	11434.269531	13173.744141	6162.620117	5224.598145
5214.884277	10947.076172	21849.410156	27275.808594	18842.302734	14884.935547	9550.203125	6116.270996	9467.877930	18218.392578	7264.563965	4147.733887
4533.798340	7947.499023	16352.423828	26338.550781	18891.023438	13622.396484	9932.010742	6528.368652	12200.375000	19363.767578	8616.730469	3974.890137
4718.006348	6969.729004	14137.767578	20495.033203	18563.693359	16630.810547	9651.225586	8142.149414	11305.461914	20792.578125	8122.208496	5005.135742
3815.456543	6192.455078	14522.970703	19405.023438	22604.341797	17908.710938	8530.882812	9021.492188	10788.340820	20303.392578	6298.059570	5825.162598
3282.290771	7408.280762	11200.703125	20218.880859	18566.343750	16911.064453	9906.388672	7893.996094	11998.083984	13780.481445	6041.473633	7554.144043
2815.686523	9540.261719	11802.545898	18112.792969	15435.567383	14459.671875	9681.711914	8853.755859	12923.791992	12119.708984	6312.248047	7670.394043
3554.536621	10515.447266	11244.629883	17246.617188	14319.922852	16573.402344	7455.956055	7532.596191	12747.755859	17226.181641	7438.488281	7667.475586
3340.392090	7931.847656	10266.728516	18196.960938	11624.705078	14977.941406	7489.916992	5888.251953	13519.005859	21091.890625	10764.238281	10252.372070
2634.743408	11638.917969	11689.667969	13583.867188	17999.345703	17473.357422	6726.343262	6065.208984	14166.350586	19083.017578	10509.025391	11330.221680
3670.375732	13487.702148	13216.621094	10870.712891	18608.726562	18709.150391	5821.098145	5820.501465	12437.457031	25650.345703	8489.148438	8339.900391
6728.871582	9957.847656	12796.433594	10892.863281	15651.724609	14452.996094	5671.151367	6184.227539	10212.633789	27609.857422	9351.786133	5525.761719
5999.005859	9525.576172	11467.080078	10846.986328	15845.164062	13342.269531	6471.505371	7254.687500	9739.221680	20808.404297	8271.587891	5845.434082
2966.927246	6842.616211	9630.223633	14667.513672	14679.343750	12169.289062	6771.095215	7315.420898	12144.825195	18722.867188	6170.955566	5886.485352
3857.389648	5822.480469	9803.728516	19723.250000	12368.674805	12536.048828	7029.894531	7752.016602	10974.036133	20129.865234	6404.527344	4761.580078
4874.120117	6694.075684	15023.718750	19633.007812	9479.387695	14234.332031	8439.639648	7133.384766	8386.810547	19124.072266	7024.181152	4161.296875
3881.202881	12804.169922	16271.236328	21749.281250	11957.074219	13559.629883	8234.983398	4476.187500	10420.864258	15540.240234	8917.166016	4309.665039
4387.447266	12484.712891	16097.466797	19953.314453	19545.794922	12868.020508	9546.618164	4252.827637	10731.734375	18184.208984	10677.181641	5430.426270
3830.491699	6425.516602	22396.628906	24049.406250	23720.912109	16626.339844	11768.754883	4932.703613	8500.657227	18725.958984	9014.216797	5819.758301
2872.514404	10740.265625	21799.085938	30972.896484	25741.820312	17057.744141	9585.325195	4326.795898	7673.911621	14593.518555	6488.298828	4892.982422
4475.760742	16273.161133	15963.743164	30129.525391	24036.175781	15761.064453	5658.995605	4535.749023	7066.709473	15758.785156	6461.616211	3896.915527
4052.964844	14438.770508	15762.290039	23891.455078	20528.947266	12564.800781	5603.740234	3617.989502	8449.848633	15985.922852	6468.102539	3771.366943
5092.701660	12382.224609	16478.390625	19967.324219	16902.992188	11071.082031	7207.217285	3529.084717	8863.178711	14340.198242	4802.240723	4722.774414
4429.384766	14654.267578	13558.355469	23235.734375	15158.054688	10476.137695	6452.014648	4277.053223	8914.780273	13236.681641	4956.484863	5405.124512
3681.247803	16002.721680	10806.041992	19546.625000	13798.701172	9854.657227	6169.020020	4466.878418	10040.524414	19284.369141	6433.200195	5769.440430
5990.615234	14323.407227	11953.173828	17495.906250	18130.439453	10940.543945	6606.542969	3382.852295	8397.498047	24211.759766	6015.974121	4483.059570
4481.275879	12152.751953	11037.256836	24108.984375	21089.353516	13327.052734	8384.202148	5263.912109	7252.273926	29165.298828	5301.159668	5702.979004
3221.299316	13122.438477	8393.752930	21728.587891	21573.810547	20150.644531	12980.146484	7390.004883	7400.810059	31365.927734	8243.171875	14163.736328
4067.510742	12795.583984	9138.171875	18507.777344	17109.437500	25042.937500	16386.001953	8513.201172	8601.409180	22125.705078	8633.114258	13803.934570
5425.201660	12203.539062	9711.583008	31601.789062	9710.247070	21944.380859	23492.621094	8486.364258	15279.918945	23721.912109	16936.220703	11185.301758
8482.404297	15369.074219	14826.213867	38601.683594	19907.150391	21411.441406	21009.816406	7710.119141	19036.312500	31195.388672	21967.117188	13017.740234
6509.799805	15134.657227	15614.344727	30162.242188	30094.849609	25278.453125	8708.220703	6912.376953	21050.421875	29287.695312	15834.390625	9788.361328
2739.373535	11702.082031	13484.275391	27775.765625	32423.134766	28048.220703	7070.562988	4599.170898	22992.492188	24976.712891	11381.733398	7518.967285
3263.057373	8091.359375	13721.415039	32339.398438	34711.707031	19599.513672	8891.026367	6463.903809	17010.554688	23478.878906	6615.108887	6280.030762
3919.443848	8073.290527	12228.980469	30599.921875	46654.171875	16462.642578	11349.748047	7496.510254	12547.065430	21755.474609	5734.256348	5647.024902
5141.056152	6934.069336	13957.749023	22802.693359	50956.558594	18629.015625	10837.882812	5678.119141	12353.654297	18543.806641	6675.289062	5536.124023
4691.777344	3629.012451	17953.695312	12066.400391	42544.832031	16606.056641	8416.553711	4032.100098	13129.812500	24791.722656	8302.779297	5950.623047
4480.613770	5649.124023	26758.089844	12334.005859	38482.585938	17622.654297	9282.997070	3155.153809	13406.864258	26439.287109	10042.989258	5943.085938
3117.471436	6877.013672	28457.601562	16689.988281	28131.822266	18623.449219	8160.213867	3662.685547	10014.679688	14549.954102	9575.836914	5795.754395
1772.070923	8905.544922	21595.369141	16947.408203	17629.976562	17342.796875	5485.319824	3702.044189	5558.258301	12186.999023	8833.525391	7237.500000
2649.039062	11446.952148	15346.054688	14686.142578	16058.074219	10607.216797	5271.197754	2865.042480	5883.475098	15167.452148	8451.109375	9455.500000
3178.300537	9924.330078	10632.636719	14220.576172	16514.810547	9248.776367	6621.521484	2797.376953	7552.635254	17169.914062	6422.354980	9606.400391
2833.099121	9534.260742	9530.509766	13256.778320	17738.941406	10601.772461	7863.089355	3306.157227	8078.812012	15872.897461	5505.744141	7443.280762
3256.285645	11272.291016	14165.565430	9576.035156	24833.587891	9959.234375	9380.844727	5417.375488	8822.048828	17668.855469	6184.937012	5264.048828
3101.625732	11712.339844	15057.189453	12134.790039	31718.074219	10402.720703	11659.000977	6094.415527	10143.051758	23742.072266	7403.542969	4355.400391
3950.546631	14351.432617	24087.416016	22410.648438	28783.466797	13739.422852	12634.594727	5318.299805	12195.314453	23682.792969	8001.550781	5848.015137
4404.083984	19189.722656	37792.097656	24458.275391	20515.548828	15361.971680	10148.432617	5128.548828	12624.937500	21658.251953	7970.731445	6627.004395
2861.647217	16005.478516	32213.179688	22034.306641	21996.654297	12560.465820	7175.287598	5424.167969	12101.274414	23048.511719	7459.031250	6454.685059
3342.432861	12154.638672	28116.580078	22251.177734	25264.080078	14303.123047	8771.508789	4803.535645	9887.418945	22324.105469	7803.456055	6740.106445
4210.318359	15049.927734	32903.589844	14062.306641	25010.603516	16662.136719	12985.817383	3299.287109	9879.149414	19940.316406	7351.919922	8215.326172
3914.094238	18959.683594	30436.552734	13339.432617	27391.423828	20118.011719	10555.300781	3207.393555	13198.269531	21891.029297	5419.878906	8503.160156
4736.271484	14142.156250	29550.427734	13638.680664	27897.201172	20723.302734	7905.054688	7572.075684	11572.531250	20869.191406	4478.499023	5609.145996
4409.126465	9297.369141	19409.267578	15189.743164	32881.714844	17324.132812	10536.133789	9472.956055	7400.958984	19104.408203	4743.163574	4131.727051
2999.281494	8838.694336	13886.353516	14454.508789	36728.398438	14610.612305	12014.297852	6407.521973	6707.335449	20041.777344	4714.042480	5041.516602
3899.219482	10581.051758	21436.062500	9727.567383	27795.308594	10030.548828	10231.331055	7685.566895	8672.928711	16914.121094	5929.816895	11550.101562
3340.483154	12520.814453	15848.513672	14092.009766	29319.507812	14593.135742	8322.401367	9623.149414	8456.959961	15531.348633	5837.896484	14131.496094
2608.439209	13733.617188	11222.851562	18231.712891	27430.406250	13350.053711	7101.383789	8514.248047	6242.342773	13884.859375	4246.153320	8471.485352
3396.412109	20259.388672	15497.194336	24219.789062	15159.349609	8275.113281	6300.656738	6092.851074	8120.981445	17004.320312	5165.737305	5060.711426
3883.997559	31318.005859	17059.322266	26040.189453	19262.775391	14087.274414	6291.062012	5914.332520	11389.750977	22271.158203	6448.959473	4600.730957
4135.557617	31026.248047	17291.324219	23387.595703	29188.255859	16306.922852	7408.124023	5788.625488	10454.870117	22270.589844	6622.163574	4585.226562
4058.397217	18658.986328	15177.554688	23322.730469	28604.216797	19168.396484	9746.927734	3709.862305	7167.125000	17730.957031	5203.558594	3927.018799
4039.101318	12747.465820	16606.410156	17045.716797	22785.613281	18533.347656	9924.192383	3587.009766	5668.805664	13619.718750	5578.235840	3641.506348
4593.386230	8248.945312	23092.238281	15731.082031	17029.433594	15174.384766	8252.211914	3501.629395	5257.500000	19141.421875	6826.447754	3612.221191
3794.725586	10337.293945	14345.737305	19035.546875	12641.186523	17891.994141	7122.705078	2803.478027	4789.031250	21650.732422	5686.501465	4088.596680
4552.251465	14245.092773	14791.046875	16254.262695	15827.442383	16488.810547	5998.964355	3043.531006	4098.693359	18033.173828	4427.798340	3874.286133
4052.141113	10731.988281	21565.091797	11623.466797	17412.490234	12518.730469	6959.184082	2609.095947	3551.060547	12873.594727	4052.766602	3134.089844
2457.008301	5948.331543	17039.269531	8820.447266	20581.419922	9833.491211	8701.860352	2326.299316	3310.886719	7484.314453	2968.609131	2879.507080
3414.576172	9734.218750	11137.574219	15318.176758	18970.919922	11772.377930	9395.525391	1973.936890	2831.740234	10779.029297	3132.286621	3101.429932
2493.377197	12382.484375	12505.154297	19043.763672	14999.855469	11795.516602	7942.357422	1739.452393	3321.609131	14756.308594	4278.889160	3787.916504
1644.679199	13471.809570	14873.355469	11684.954102	15447.318359	10535.911133	6771.996094	2670.997314	4179.383789	12671.541016	4816.504883	3456.895508
2324.943604	14350.960938	14044.651367	11533.521484	13098.540039	12945.116211	9325.594727	4281.833496	10422.162109	16733.130859	8566.361328	4711.153809
3132.554443	18657.255859	24057.982422	16306.283203	8274.221680	11118.620117	7745.522949	5025.430664	14064.374023	14649.448242	8092.746094	4716.721680
3654.937988	31732.628906	19805.667969	19576.871094	8568.363281	8464.412109	4519.760254	4685.201660	10587.907227	9150.005859	4076.310059	2273.395264
5815.229492	27321.527344	15739.573242	18289.851562	12875.107422	8845.986328	5044.069336	5055.551758	8496.591797	10706.280273	3721.937256	2243.656982
5989.027832	18378.458984	16937.328125	19033.861328	11186.502930	12247.775391	5859.221680	5263.530762	7339.045898	12709.046875	3924.019531	2738.518799
4693.433105	22591.474609	13524.854492	23271.523438	12458.058594	10630.935547	6304.948242	3725.420410	7149.093750	11494.032227	3619.692139	2166.233154
5048.750488	21818.755859	16135.765625	20414.875000	14099.861328	5340.110352	6122.918457	2593.817871	6448.079102	6745.922363	2913.900146	2058.740479
5233.711426	17957.335938	17362.839844	13833.437500	9976.894531	7377.962402	5786.540527	2841.063721	5832.298340	5107.707520	2653.989990	2059.252930
4687.322754	23169.181641	16920.166016	8353.389648	12327.246094	9754.721680	5253.377441	3586.302979	5952.947266	5190.652344	2433.336670	1876.568237
2925.632324	21762.253906	16758.433594	7100.217773	17472.507812	8028.758301	6052.969727	3978.465820	5914.853027	5881.634277	2415.810059	1652.703979
3983.924072	13882.058594	16125.163086	6277.951660	23573.447266	6456.338379	7417.798340	2943.462402	5258.554199	5874.792969	2332.118164	1440.446899
5553.452637	11009.762695	13071.315430	6823.344238	32598.666016	8300.277344	8780.105469	2111.737061	4910.393066	5731.858887	2310.623779	1769.661987
4275.258789	10316.596680	9201.932617	9075.131836	32228.992188	10587.307617	8802.017578	2406.930420	5134.051758	6402.668945	2171.760986	2099.732422
3407.100098	14497.958008	7950.316895	9514.393555	26962.457031	9536.809570	9587.166992	2804.249512	8089.027832	7217.849121	2154.240723	2387.246338
2473.078857	22264.449219	16496.482422	10657.589844	25352.074219	9983.744141	9884.680664	4428.099609	13694.859375	15164.386719	9408.213867	6427.661133
2469.557617	25782.550781	25898.320312	10862.718750	18445.042969	14807.214844	6940.928223	6337.218750	13854.772461	19625.373047	13980.785156	7365.154297
3778.921875	19626.712891	24302.980469	9618.392578	15354.213867	13656.433594	9935.580078	6560.108887	11499.534180	15933.000977	12937.049805	3913.014648
3041.166504	16203.018555	20314.728516	9551.713867	16378.910156	13121.476562	10922.356445	7787.149902	9424.321289	14861.266602	12897.320312	4180.520508
3213.068359	17092.585938	22986.365234	10879.501953	15255.344727	13744.187500	7779.361328	9718.125000	6520.083008	13403.354492	13993.236328	3617.197754
3543.751465	11690.263672	25117.845703	14952.838867	13279.620117	12815.331055	8948.116211	9377.711914	7335.151855	10324.490234	13305.917969	3023.794922
2817.588623	8598.763672	25476.876953	17896.865234	15088.269531	14332.386719	8942.640625	8110.479980	8377.770508	8736.524414	8978.370117	3322.753174
2861.315918	11941.433594	24334.837891	18431.945312	18190.009766	13196.583008	6582.946289	8020.313477	6751.083496	10137.136719	7580.320312	2683.107178
2019.194824	14062.505859	24184.683594	18425.398438	12621.168945	13529.524414	4253.900391	8890.826172	5648.000000	10849.593750	7253.458496	2619.068848
2920.100830	16221.098633	21779.095703	17437.925781	9200.443359	12864.792969	4421.942383	7642.746094	5526.010254	10696.515625	6663.314941	2865.429688
4648.771484	15396.509766	18955.771484	15731.708008	11595.646484	9606.254883	4987.174805	6117.204590	6718.769531	9359.839844	7388.552246	2629.851807
3814.049072	14073.224609	17558.714844	23599.001953	16834.744141	7444.144531	5171.371094	5628.706055	7193.792969	10083.022461	7493.531250	2281.395020
2594.609375	13035.729492	12621.273438	30007.119141	16053.988281	7232.416992	5718.508301	4056.574707	7239.572266	11362.602539	6771.850586	2103.050293
2088.439941	14466.612305	10883.429688	23031.326172	12025.822266	8251.563477	5364.311035	3480.739258	8755.801758	9228.366211	7452.274414	2112.462158
2291.610352	17062.814453	12910.593750	14603.679688	13663.258789	6872.149414	6275.410156	4144.311035	7910.560547	7570.330078	7528.191895	2338.066650
2885.133545	16558.800781	17511.974609	11843.921875	13229.838867	5208.343262	4875.634277	3583.112061	6401.247070	8689.520508	6363.561035	2299.375732
4003.450195	16585.984375	14502.531250	10504.178711	8824.973633	6475.877441	4304.051270	5118.174316	6399.989258	9186.363281	6463.818359	2000.830322
4528.714844	14932.598633	13143.466797	10686.541016	7803.672363	8285.761719	6035.174805	5722.064941	7009.291016	8226.933594	7163.109863	2162.788330
2733.388184	13727.270508	15834.839844	13616.447266	9516.120117	7483.649414	6172.002930	4528.543457	6868.365234	9171.776367	6919.769531	2239.871338
1218.681152	14630.156250	13314.233398	11723.118164	10402.701172	6437.649414	4931.274902	3982.313232	7230.257812	9729.656250	6582.540527	2291.010010
2614.959961	15922.656250	13871.710938	10006.683594	12896.239258	7320.401367	4198.685059	3972.468750	7116.306641	9890.853516	6019.423340	2346.063721
4081.678223	11120.306641	12467.956055	12845.228516	13559.860352	7491.169922	5152.421875	4980.088867	7727.311035	10289.951172	5792.449219	2428.433594
4747.067383	11532.035156	12282.260742	11333.996094	12725.228516	9461.142578	6767.719727	6566.433105	9787.599609	8732.047852	5646.787598	2397.792725
4301.801270	12912.804688	10401.248047	9697.427734	10549.083984	12673.291992	7998.530762	6938.729004	8665.420898	9560.692383	5734.339355	2183.041016
3487.331543	8896.560547	8958.583008	11430.327148	9705.767578	10832.741211	6359.403809	6438.502441	7264.487793	10967.261719	5342.520020	2186.395508
3783.113281	10648.842773	10520.131836	11081.176758	11243.316406	8616.467773	5264.846680	5329.712891	8200.135742	10824.331055	5125.353516	2180.663330
4624.261719	12720.685547	10551.504883	11226.580078	11980.447266	7993.483398	5033.895508	3140.063232	9815.791992	11902.366211	5677.813965	2798.647461
3352.866699	12250.680664	13818.406250	18319.214844	12929.659180	9247.748047	6545.173828	3360.297363	16266.987305	17603.091797	6690.053223	5810.465820
3130.178711	10420.536133	15190.304688	21666.603516	15269.326172	15062.464844	9558.658203	3623.910156	20606.208984	23354.865234	6216.617676	7900.975586
3652.213379	7579.779297	12776.708008	25114.095703	17648.529297	18067.761719	9022.653320	3429.181152	17623.712891	23576.253906	7081.364258	6342.554688
3571.159180	6323.329590	11391.683594	30483.916016	16088.575195	16002.430664	8385.344727	3888.830078	13948.113281	22970.595703	7625.609375	4760.576172
4424.739258	6320.135742	13271.925781	22941.695312	16245.080078	16332.794922	9320.541992	3543.096680	14205.281250	20836.867188	5463.196289	4732.053711
3370.826904	6902.519043	11277.442383	16805.611328	16899.111328	17389.091797	8297.368164	5048.806641	14768.264648	17112.904297	5072.762207	4522.770020
3751.030029	7631.435059	9472.302734	22136.224609	16514.855469	13518.250000	6776.671387	6786.389648	12962.041016	15720.809570	5650.270020	3710.623779
3596.128174	7264.162109	14005.969727	32187.570312	17946.041016	12733.630859	6442.913574	5467.068359	12415.013672	16744.861328	5211.498047	3880.413574
1905.597534	6403.104004	13021.190430	26769.089844	17535.587891	11445.666992	5864.014160	4496.629395	10841.690430	15384.433594	5042.878418	3829.351562
2333.617432	9498.735352	13793.042969	18001.589844	17068.025391	9060.091797	6968.737793	4536.070312	12894.245117	18665.179688	4758.919434	3333.149170
4062.399658	10051.565430	16662.441406	20178.888672	16817.525391	14660.010742	8496.422852	4128.313965	16727.707031	21690.892578	4667.614746	3795.659912
4511.298828	8595.397461	11484.746094	27521.144531	20110.898438	20470.427734	9344.570312	3203.480225	14561.936523	20349.019531	7136.758789	4485.803223
3411.931641	13841.439453	9204.346680	25813.595703	24282.800781	18707.328125	9409.173828	3492.697021	12791.203125	19104.564453	9664.966797	6111.586426
5224.973633	17694.578125	7890.788086	11988.392578	25704.779297	16942.527344	8189.872559	4760.367188	18916.212891	13258.404297	9239.453125	7779.709961
5986.039551	15561.541992	15518.669922	13086.601562	21500.269531	15488.283203	7165.805664	7219.895508	20127.324219	14437.708008	12245.628906	8557.069336
5985.897461	15504.689453	29960.232422	15336.144531	17009.912109	11161.063477	5943.200195	8013.530273	17232.255859	16909.214844	14729.367188	10120.334961
5829.880371	13341.195312	31986.416016	9659.648438	18121.603516	10071.226562	6218.750977	7198.545898	21112.724609	15189.839844	11563.926758	12728.968750
3856.066406	8807.882812	33064.902344	14545.428711	17641.677734	11323.925781	6990.039062	6599.506836	21831.521484	16443.345703	12673.972656	11853.214844
4697.761230	10317.104492	32757.185547	20740.900391	15253.821289	12105.648438	7272.472656	5349.121582	19015.531250	15434.244141	13039.015625	8866.795898
4322.477539	9295.475586	29596.271484	24666.871094	11914.098633	11632.997070	7485.354492	5053.387207	19028.220703	12962.938477	9872.068359	7971.659668
4028.790527	8919.920898	26621.033203	26895.201172	12335.424805	11102.585938	6229.294922	6660.666016	15722.275391	11797.650391	8170.479004	6042.878418
4513.747559	14183.701172	24009.302734	18716.597656	19375.982422	14251.962891	7751.015625	6800.980957	9656.634766	16093.000000	7121.658691	3914.892334
3504.757324	12406.196289	23067.130859	14946.680664	26249.773438	15123.316406	10374.196289	5894.877441	9904.872070	18448.056641	6660.587402	3213.202881
3040.113037	9077.932617	25344.921875	21087.728516	18062.300781	9994.809570	10343.654297	5511.682617	14299.726562	12822.944336	6037.886230	3076.783203
4050.315186	15345.526367	24332.333984	26381.619141	13794.333984	8804.135742	11139.741211	4853.596191	10808.113281	9802.980469	6259.113770	2835.098633
5888.631348	17618.582031	17986.152344	23125.949219	19754.574219	8861.069336	12480.556641	5991.307129	5474.423340	11402.962891	7286.611328	3099.196289
7168.000488	19014.121094	25983.265625	18387.716797	23938.050781	8857.551758	10482.144531	7591.887207	10738.250000	12466.833984	6869.128418	3576.124512
4632.170898	20954.708984	37200.570312	19540.673828	20281.501953	11003.058594	8086.238281	8581.998047	16124.034180	15499.817383	9549.235352	5455.932617
2808.577393	17759.460938	32118.765625	33815.941406	16439.146484	19801.541016	21983.130859	7729.884766	17607.148438	20837.804688	18964.556641	10399.848633
3635.385742	20376.146484	32050.160156	37112.238281	17108.457031	19846.562500	23083.628906	5899.454102	15394.491211	18950.246094	17535.990234	11843.831055
4032.505127	20724.466797	35462.542969	22743.019531	17156.222656	9652.330078	8104.535645	5785.300781	12255.248047	11439.295898	10646.313477	7371.987305
4719.088867	14604.744141	40819.078125	21648.232422	17026.804688	12047.833008	6206.710449	5365.957031	10818.598633	8267.148438	8888.053711	4613.899414
5261.151855	15627.958984	38040.164062	23099.810547	20247.281250	18128.931641	6422.006836	5183.096680	10169.408203	10138.538086	5138.617188	4098.897461
4306.178711	21127.011719	22566.515625	23565.925781	26973.753906	15699.866211	5924.259277	5698.618164	10017.710938	10637.099609	4376.526367	3090.330078
3304.750488	19531.449219	21474.421875	23741.310547	26686.099609	13308.863281	7795.550781	4841.839355	8740.169922	9635.790039	5042.647461	2933.026855
3606.752197	17899.992188	29193.416016	19557.867188	22110.929688	12680.489258	10066.937500	5148.686523	8153.393555	9716.535156	4666.879883	2810.559814
3467.084961	17990.158203	27964.041016	14097.349609	17271.574219	10888.524414	8885.362305	4842.204102	7397.180664	8350.039062	4523.179688	3018.627930
3120.411377	12483.314453	26135.199219	15871.665039	17471.046875	11102.476562	7103.531250	3843.689941	6612.970215	8312.228516	4907.096191	3330.520020
2126.191406	10652.423828	30425.347656	24932.246094	14459.988281	10373.880859	6878.313965	4185.959473	6375.880371	8669.819336	4836.275879	3249.171875
1879.480591	14639.625977	30892.748047	23433.322266	13878.369141	9485.371094	6283.985352	4456.469727	8344.965820	8691.779297	6055.070801	3006.913574
3132.445801	14892.667969	33424.375000	17239.822266	21102.087891	12060.802734	5593.044922	5229.362793	11568.041016	9496.327148	5004.968262	2972.533203
4903.495117	13573.021484	34749.902344	20058.183594	20856.169922	18891.300781	6089.628418	5487.389160	16083.631836	15100.398438	9571.175781	4734.322266
3992.501221	15406.390625	28811.634766	20253.062500	16916.326172	19580.050781	6919.270508	5415.775879	13853.120117	13797.355469	10548.043945	4718.335449
4758.487793	15960.108398	23305.134766	20299.199219	13418.444336	13688.098633	8618.197266	4890.652832	8252.723633	8260.101562	5952.182129	2600.690918
5681.894531	13630.876953	29816.140625	17698.939453	11644.141602	10779.174805	8323.477539	3898.124512	8959.500977	9645.555664	5486.619629	2309.363770
4039.377441	12707.144531	30465.783203	14768.214844	14233.881836	11217.422852	6573.972656	2636.870850	11563.545898	8897.269531	3915.202393	2536.644287
3664.993164	10939.563477	24341.710938	16494.074219	16502.851562	14611.475586	7657.515137	2845.661377	10299.721680	8433.464844	5474.903320	2599.296875
2757.398193	7621.518066	21103.931641	11612.378906	17578.546875	16077.239258	8503.899414	3032.862549	8502.928711	9647.878906	6234.722656	3649.785156
4695.951172	8466.213867	18879.244141	8816.352539	15924.199219	14184.880859	6560.213379	2067.293701	9130.990234	12080.712891	6177.900391	5609.232910
5364.879395	8668.791016	17344.470703	11636.453125	13361.101562	12358.343750	5463.931641	2487.689697	8123.520020	14088.906250	7278.740723	7749.583008
3136.110352	11887.621094	20217.962891	14795.863281	11592.166016	11000.304688	6135.410156	2971.642822	8615.470703	14184.253906	9093.949219	10361.932617
4579.086914	14853.732422	30845.154297	15757.005859	11021.385742	11728.992188	5944.824219	2948.768555	9409.167969	12590.248047	7491.404785	10393.204102
5964.896973	13302.737305	25819.966797	11140.718750	15231.285156	10642.829102	6594.380859	3328.730225	8567.952148	11119.373047	5859.527832	9269.098633
6208.790527	14657.115234	18775.351562	9282.325195	19097.021484	9177.334961	5443.507324	3466.229980	6986.954102	11152.828125	8944.146484	7493.695312
5796.301270	10351.793945	16628.244141	9307.322266	24181.492188	11631.241211	5220.153320	2731.933350	6773.598633	10201.183594	9696.608398	4279.855469
3245.649658	19119.945312	14993.640625	13791.595703	23398.191406	11537.315430	5448.037598	2703.174561	8392.310547	11021.607422	8608.863281	3672.956787
3978.440186	23501.201172	18627.884766	22717.212891	13312.177734	12093.549805	5265.059082	2459.350098	9026.457031	11705.879883	8486.387695	3477.078857
7232.287598	21006.373047	16235.896484	27849.574219	17428.896484	14106.743164	6437.867188	1887.101562	8090.561523	12110.088867	8764.056641	2622.435791
5970.090820	19096.826172	17418.673828	19293.986328	21419.763672	11510.234375	6471.827637	2388.251953	6630.248047	11195.458984	7435.884277	2495.416748
3148.005615	18409.990234	21792.957031	10413.076172	22837.011719	11489.204102	7589.726562	2853.072266	5865.941406	9304.717773	5970.895020	2493.136475
2426.400146	25486.736328	26122.843750	13830.398438	30346.191406	12048.916992	8444.675781	4116.070801	7045.172363	8382.480469	6638.945801	2089.709961
3722.561768	20154.058594	29630.890625	18968.992188	26696.667969	10376.008789	8320.180664	5583.790039	8165.645996	9298.053711	6658.553223	1792.447021
3825.171387	23946.384766	21702.394531	27479.632812	22311.869141	9640.269531	10422.987305	5734.038574	8746.152344	9281.915039	5183.963379	2105.346924
4093.228516	26096.351562	15057.482422	26779.406250	25770.023438	9964.220703	13723.824219	5482.983398	8959.784180	8305.985352	5123.468262	2735.313965
6344.814941	20206.673828	21417.052734	21389.904297	29719.837891	9457.800781	12175.970703	4614.574219	6731.697266	9105.201172	6977.085938	2838.698730
6590.051758	26178.880859	24715.980469	14405.023438	23869.208984	8274.796875	8668.490234	2873.660400	5926.093750	11495.055664	6856.454590	3043.315918
4206.549805	24496.599609	24533.496094	15301.052734	21732.302734	9260.421875	9684.851562	3709.863525	7316.681641	13504.693359	6730.929688	2997.125732
3577.571777	18116.189453	26807.218750	16748.292969	34456.953125	12627.534180	11230.434570	4428.854980	8117.359375	10420.127930	5996.517090	2638.305908
7118.512695	22327.412109	24039.535156	15461.746094	42756.199219	15954.498047	13664.845703	4004.456787	8671.225586	10063.433594	4771.326172	2854.872803
6983.468750	22093.039062	16546.806641	21639.378906	39922.292969	15712.683594	12398.091797	6678.910156	9192.928711	13651.092773	5067.011719	3239.158203
6229.437500	16573.417969	20150.968750	22031.748047	29016.273438	12625.766602	8480.290039	10338.962891	9757.157227	15575.721680	8752.570312	3734.316650
7130.139160	20133.449219	24673.984375	30907.968750	24545.646484	11446.638672	7616.307129	12214.060547	10076.088867	16335.249023	10202.724609	3880.200439
4998.324219	26460.669922	17487.841797	32371.761719	24669.125000	12033.016602	6944.191406	11645.514648	9594.662109	13466.581055	7014.550293	3794.279541
3785.682129	17938.216797	14896.514648	18069.142578	23808.333984	11543.967773	7534.295410	10447.692383	8115.090332	12233.965820	6011.130859	3760.753662
3404.403320	14035.001953	11150.978516	21006.720703	21902.619141	13039.567383	8184.201172	8387.698242	8259.869141	12991.231445	5316.329590	3706.894531
3872.300781	17555.148438	11534.785156	22131.810547	21973.519531	12542.299805	11100.382812	7061.763184	9584.269531	10741.918945	5134.970215	3396.437744
4064.599609	16503.558594	15899.502930	14499.954102	24558.496094	13040.528320	13337.959961	7485.451660	11099.854492	14088.136719	5906.761719	2862.469727
4621.049805	16430.322266	14583.905273	11346.183594	25047.402344	15307.061523	13525.813477	6837.400879	10266.820312	17157.539062	6890.621582	3387.013184
5801.308594	19759.439453	13326.817383	14388.506836	30823.222656	16265.138672	11655.283203	5813.287598	8199.675781	15115.601562	7858.144531	4007.838623
7360.187500	25467.591797	18433.500000	20461.751953	30777.777344	19430.677734	11732.673828	6051.015625	8711.531250	11202.053711	6985.516602	3846.137939
8545.517578	17823.099609	23890.945312	19186.943359	35783.496094	17061.662109	11456.822266	5094.476074	9778.200195	12696.750977	6717.830078	3313.812500
4888.045410	17431.906250	14485.164062	25312.166016	43057.839844	16018.987305	6739.419434	3828.485840	8744.475586	16409.935547	7109.918457	3533.956787
3343.720215	21694.599609	19267.287109	29148.015625	35581.460938	16114.375000	6916.616211	6876.204590	12930.373047	19945.705078	11371.393555	6572.646484
5029.920410	12702.105469	26224.587891	21413.443359	27263.724609	20427.482422	9109.142578	9811.562500	13274.567383	17730.082031	12575.280273	6458.102051
3653.814209	12019.668945	21847.226562	22167.044922	27115.724609	26354.089844	9259.765625	10116.318359	8890.753906	12099.279297	9907.739258	3862.313477
3611.571533	12305.788086	18615.263672	30897.968750	27940.533203	20385.406250	10144.404297	13216.023438	9036.230469	14576.792969	9141.917969	3278.710938
5347.293457	7290.740723	12564.525391	24341.671875	21596.513672	13327.217773	9195.326172	16552.583984	7454.463867	14300.119141	7633.284668	3207.532471
4955.372559	4955.593262	11238.525391	11789.239258	30275.003906	15975.592773	9408.401367	14619.172852	6972.462402	15171.400391	7922.696289	3793.740479
3437.378418	9623.288086	8697.142578	14132.954102	36369.472656	15433.927734	10699.615234	10737.143555	7823.691895	15902.958984	7619.701660	4184.563965
3480.731934	12674.738281	12074.123047	16930.246094	23991.111328	11499.415039	8059.748047	7960.866211	8386.458008	13450.637695	5231.075195	3366.150879
3546.660156	11895.444336	17511.835938	11539.274414	16716.230469	14245.958008	6371.966309	7903.158691	7922.261230	12423.888672	3841.648438	2300.812988
3160.045654	19222.304688	14535.413086	14858.440430	16579.613281	15740.775391	8266.044922	9705.059570	7739.032715	8459.358398	4088.659180	1880.983765
2963.362061	21511.285156	17343.449219	20826.111328	18615.085938	16030.068359	7847.108887	10844.274414	8442.538086	5673.726074	4373.543945	1946.366089
2563.201660	14806.395508	13342.678711	18380.140625	24980.849609	16740.603516	6190.777344	9760.825195	7889.849121	9534.208984	5307.128418	2395.264160
3154.998047	9184.633789	5492.915527	13399.833984	23606.666016	16007.650391	7071.675293	6706.309570	6117.250977	10589.903320	4809.944824	2839.342529
2960.046631	5877.940430	8825.552734	11551.603516	18779.128906	14930.984375	6864.764160	4246.062500	6809.857422	11965.292969	3683.313232	2551.431396
2643.201660	5315.743652	10370.493164	13389.733398	20684.697266	12348.832031	5506.669434	4517.089355	10436.492188	20364.992188	5326.697754	3015.095703
3002.455566	8537.857422	12636.623047	19655.208984	24014.396484	12186.677734	6908.475586	5179.524414	12937.948242	21133.535156	8243.342773	3965.948486
3869.078369	15332.329102	15418.439453	21092.302734	22992.054688	13057.450195	11998.581055	4901.388672	12525.384766	15889.640625	8388.215820	3654.822510
4269.985840	15755.146484	15534.336914	16781.177734	20484.291016	13862.468750	10924.410156	5950.609375	10134.813477	12669.687500	6399.338379	2979.163086
4550.817383	13935.579102	14843.076172	13668.236328	17799.808594	14394.906250	6342.640137	9163.900391	8943.640625	10225.446289	6478.712402	3429.675049
5728.136719	12463.089844	13789.617188	8905.551758	18043.263672	17620.744141	10338.174805	11187.721680	9008.509766	14617.679688	8142.958008	4072.924316
7187.037598	10346.707031	12106.872070	7384.919434	22041.439453	22833.523438	10996.127930	8346.079102	8927.013672	17213.115234	8856.259766	3045.825928
5587.445801	13481.504883	11838.239258	8166.330566	18291.533203	19691.074219	8325.624023	8311.941406	12364.887695	16181.680664	8079.176758	2784.808838
2576.719971	12903.301758	16009.921875	11154.026367	20196.849609	19770.718750	8487.633789	8718.096680	14248.936523	20338.380859	8047.850586	3049.968262
2242.858643	11402.982422	23086.136719	9688.375977	19101.470703	22811.339844	8575.833008	7406.727539	10623.133789	17980.115234	8516.250977	3159.998291
2369.511963	11291.455078	23135.914062	9455.345703	12985.628906	21708.500000	9067.364258	5933.625977	8595.800781	15842.061523	8524.598633	3523.920410
3081.887451	10794.649414	18892.916016	13101.253906	14436.756836	18139.597656	8088.659180	3524.421631	9049.651367	16292.977539	8129.054199	3600.992188
3581.975098	8476.693359	18944.693359	8421.374023	15602.046875	12932.434570	7149.020996	4203.578125	8862.938477	10037.127930	6560.249512	3469.340088
3638.412842	5520.853027	19631.458984	5514.621094	14376.789062	12078.485352	7044.494629	5775.110352	8831.916016	11563.010742	7306.082520	3546.480225
3514.268066	5893.826172	14502.961914	12278.088867	12256.430664	12650.414062	7220.715820	5268.604492	12020.394531	17248.708984	8397.144531	3058.170410
3554.231934	8592.176758	11104.804688	20208.349609	11104.510742	14242.011719	5805.459961	3011.492432	12482.041992	18532.792969	7430.336914	2991.749268
3949.224121	13363.825195	15334.708984	23753.519531	12851.742188	13985.897461	5760.031250	3554.656982	7716.674316	18647.621094	6217.123535	3454.264648
4528.123535	18834.009766	17602.808594	28112.101562	16817.490234	10143.566406	6258.374512	7496.714844	5845.591309	18343.576172	9252.401367	3323.019531
7640.199707	18827.593750	22264.960938	26028.271484	16803.373047	9668.454102	4594.382812	9342.529297	6497.992676	16862.960938	10063.856445	3419.937988
7384.038574	13387.560547	28703.933594	19450.076172	13542.565430	9926.008789	5229.162109	8436.567383	7384.268555	15444.651367	6390.429199	3169.606201
4075.618652	12508.550781	28777.230469	20261.486328	15725.407227	10801.746094	6879.602539	8136.556641	6821.028320	14511.256836	5278.338379	2984.987305
2736.344727	14882.143555	25508.847656	19688.734375	15763.999023	8947.714844	7172.195312	6778.858398	5825.750977	12757.125977	6994.413086	3513.303223
2861.822266	16009.976562	23004.554688	19444.617188	15081.544922	7745.673828	6631.676270	4115.782227	6088.404785	12272.478516	7091.002930	3632.098633
3768.510498	16126.891602	22953.535156	22833.675781	13235.330078	8278.105469	8409.865234	2499.694580	7853.928711	12044.995117	5073.909180	3193.974365
4118.750000	14397.610352	25069.460938	21255.681641	13434.093750	9241.932617	8476.689453	2028.461060	10146.430664	11504.366211	4656.412598	2871.987549
5695.832031	13558.864258	20562.693359	19789.689453	14206.831055	10809.151367	7201.674316	3945.502441	9460.175781	12864.844727	5762.114258	2974.856445
5912.807129	20603.558594	17189.294922	15623.980469	13454.375977	12449.629883	7626.476562	6399.653320	9106.591797	15038.914062	7460.414551	4029.496094
4762.020020	19422.619141	18568.285156	13309.500000	17344.498047	13914.826172	7129.235840	7230.120605	13471.189453	18088.535156	8714.782227	5867.031738
5359.502441	10069.393555	17143.138672	14312.500000	18468.101562	14414.062500	6867.358887	6005.561523	13527.718750	20826.750000	9838.364258	7096.590820
6789.261719	10387.099609	22246.390625	13110.857422	19086.953125	12694.357422	6233.748047	3810.701904	11589.306641	19407.060547	9843.978516	7084.918457
5883.411133	10919.595703	29105.802734	11790.495117	19907.658203	10653.354492	5292.675781	5444.383789	13581.349609	15431.112305	8473.035156	5601.451172
3725.662109	9604.469727	22735.160156	9757.426758	19046.693359	9056.349609	7189.304688	7518.859863	11277.244141	16986.431641	8316.541016	3786.989502
3521.701172	14863.302734	19683.302734	9070.725586	18057.101562	6856.826660	8178.283203	8289.674805	8567.722656	18431.966797	8470.256836	3773.536621
2907.980469	13472.506836	24741.599609	6081.656738	15451.529297	8507.823242	5533.191406	8557.192383	9871.059570	17761.210938	7257.833008	3786.227783
2354.537842	10109.877930	20967.337891	6213.488281	13998.653320	8876.337891	3875.435547	6586.625000	8772.589844	16741.974609	6387.416016	3679.010742
4087.589111	13545.823242	21738.103516	10488.678711	13327.060547	7198.565430	3099.504883	4567.373535	6140.781738	12631.932617	5945.453613	4476.678711
4896.623535	15234.894531	21499.591797	13279.072266	14671.948242	8791.922852	3509.199219	3704.677979	7159.422852	13441.386719	5612.729980	4357.144531
4181.876465	11363.736328	16533.273438	12076.837891	17833.332031	9062.656250	7690.269531	5097.458008	9423.296875	14338.648438	5505.350586	3697.236084
3429.183594	9332.829102	14138.624023	12660.816406	16828.207031	6588.147461	8556.418945	4827.989746	8292.091797	15841.475586	8242.664062	3998.895508
3985.295898	9622.511719	16394.326172	15539.064453	16061.892578	5396.942871	6497.072266	2400.209961	8287.618164	26887.033203	14308.281250	4551.455566
5626.527832	9285.297852	19663.763672	18753.330078	16483.707031	5785.207031	13525.602539	2947.490967	11478.509766	31271.126953	20776.902344	8540.182617
4705.827637	13197.864258	27948.878906	28455.031250	21162.240234	14508.718750	19472.253906	7862.669922	18736.818359	29981.193359	30499.349609	12960.652344
5680.869629	17577.423828	43289.742188	24381.687500	27186.662109	17450.318359	12927.173828	8594.870117	22716.917969	31321.193359	29721.839844	10386.181641
7057.521973	20883.664062	47594.195312	14158.125000	28787.142578	13558.783203	6167.801270	4088.282227	20115.849609	28503.781250	19526.636719	6142.747559
5780.481445	18843.746094	51730.648438	12564.050781	30442.871094	12510.123047	6171.164062	3331.210449	16078.444336	27653.289062	19727.935547	4791.365234
4171.153809	12770.730469	53771.039062	9944.316406	27815.457031	11251.033203	4580.381836	4491.823242	10317.694336	27190.173828	19930.027344	4974.491699
3416.053711	13789.122070	41771.652344	9221.600586	22835.544922	11315.336914	3006.853760	4171.450195	8268.624023	28940.765625	17370.498047	4849.723633
4082.465088	17885.724609	39641.992188	7109.726074	21437.984375	14120.014648	5682.942871	5438.754395	10666.278320	24090.501953	15485.471680	4321.895996
4337.499512	18526.468750	49224.187500	7775.858398	23298.650391	17189.339844	7342.589355	7294.445801	9417.257812	15576.193359	13225.530273	4772.107910
3151.755371	17250.056641	49894.500000	10834.172852	22388.578125	19282.134766	7008.197266	6069.429688	5745.177246	14955.866211	13642.080078	4285.526367
2241.735352	17979.332031	42711.656250	13653.679688	22448.087891	16778.560547	5207.014648	5149.051270	5793.372559	11458.536133	10055.548828	3321.325195
2931.257568	18342.273438	41744.597656	12545.430664	25256.841797	11658.244141	4003.168213	5360.916504	6824.022461	8091.754883	5366.731934	3261.498047
2594.656982	13938.630859	36364.109375	9277.056641	22646.435547	12388.189453	5797.282227	5425.456543	6995.262695	13997.744141	6889.039551	3011.498779
2546.723145	13205.853516	31064.539062	12073.409180	21315.455078	9333.864258	6627.162109	4058.081055	7679.710449	27970.570312	18629.900391	4797.231445
3480.859863	12101.181641	34599.542969	17812.941406	22781.560547	10145.188477	6529.154297	2690.090332	8373.599609	42848.648438	29325.476562	9901.007812
3183.306885	11899.582031	35913.863281	18229.742188	23576.759766	12204.519531	5338.218750	3996.651367	8656.521484	47717.074219	27775.107422	12124.848633
2676.747559	15600.097656	35486.046875	17815.173828	22062.662109	8103.802734	6340.164551	6824.989746	8115.676758	33867.769531	25070.357422	14326.675781
3726.424561	13897.183594	32343.628906	17245.261719	20060.550781	8599.011719	7809.290527	9830.910156	6207.794922	30094.787109	20150.816406	14876.680664
3135.969971	10494.009766	31181.425781	16645.783203	23144.437500	11978.697266	6254.725586	8995.096680	7992.409180	42108.878906	18643.318359	12414.183594
1811.616699	12453.191406	39985.316406	12006.760742	25839.978516	11949.384766	7029.743164	4622.131348	11593.637695	50973.515625	28809.576172	11777.049805
3759.670166	14011.334961	45700.230469	15330.465820	24325.544922	12572.503906	9953.934570	2979.504639	10336.380859	55198.933594	36539.675781	10223.939453
5894.064941	12897.058594	43513.003906	24062.488281	20183.375000	12784.911133	10494.474609	4295.480469	6946.753906	52197.949219	37663.921875	10981.077148
5544.012207	12392.700195	44728.386719	20026.082031	15752.029297	9626.702148	7363.767090	5601.756348	6844.587891	49091.617188	34432.695312	10179.289062
4649.245117	13985.994141	39814.402344	18451.583984	15510.472656	9037.300781	5563.048340	6064.188965	8640.228516	33459.933594	19047.210938	6704.436035
3745.701172	14085.100586	25929.125000	16839.667969	17610.865234	14255.132812	6236.498047	6700.792969	6920.717285	19891.257812	7371.654785	4530.467285
3913.690674	12065.067383	12172.058594	12193.401367	18286.681641	18179.050781	6971.086914	6173.275391	6107.221191	18796.830078	6806.626465	4548.746094
4605.349121	10270.262695	7262.315430	12546.364258	21486.501953	13235.009766	6727.684082	3649.770020	7652.563965	12545.217773	7065.074707	5565.059082
4268.557617	7217.883789	8490.873047	41516.027344	24889.697266	10202.510742	7108.419434	6179.748535	26599.425781	19323.011719	10392.953125	8724.757812
5923.079102	13075.967773	9245.496094	60284.097656	34829.640625	11874.256836	7625.828125	7820.251953	51512.804688	34311.519531	13618.304688	12848.239258
5654.003418	16250.947266	10414.514648	49867.875000	35376.171875	14935.078125	8980.246094	5963.555176	51417.128906	26932.369141	11984.011719	12513.168945
4498.046875	11682.015625	10753.594727	45394.843750	21368.898438	23200.566406	10272.085938	6190.159668	42234.695312	21221.617188	9650.229492	8739.058594
4147.191406	9935.125977	11118.053711	40964.230469	18287.638672	31460.447266	12482.216797	6995.341797	37837.546875	23600.863281	8717.937500	7296.485352
4426.348633	9790.447266	13176.410156	46780.710938	17882.589844	30597.744141	12656.441406	7326.259277	34365.378906	21725.898438	7865.714355	9021.480469
7021.625000	9290.795898	17764.015625	39336.382812	13949.454102	26961.507812	10605.478516	6649.399902	30524.099609	19993.820312	8941.215820	9579.517578
8204.562500	7854.137207	21020.734375	21214.132812	10721.830078	21541.449219	9981.590820	6018.577637	26830.210938	16531.929688	10679.749023	10053.830078
7095.800293	8524.024414	19428.457031	22635.591797	14081.936523	21435.617188	11264.064453	5992.711914	21773.837891	18581.380859	10042.571289	10443.918945
5315.479980	9535.569336	16070.902344	31891.207031	19366.279297	27297.931641	11512.292969	8463.470703	19182.941406	19152.847656	8330.059570	10767.188477
4183.341797	11990.500977	13003.430664	33480.140625	19252.261719	29737.648438	14925.654297	9153.340820	18993.652344	15974.726562	7344.040039	12283.120117
4650.574707	11576.986328	11466.453125	28785.234375	20398.355469	32839.542969	19357.078125	5993.175781	19847.781250	15274.809570	8315.990234	13796.848633
4523.845703	11764.121094	11221.814453	35600.382812	19979.310547	38059.886719	14945.875977	6277.477539	23520.220703	18444.972656	8937.720703	13986.998047
3955.942871	13155.609375	11159.381836	48436.050781	15287.344727	45651.382812	13993.251953	7474.491211	29441.738281	20011.679688	10980.920898	15721.655273
4368.017090	14193.382812	10997.720703	42109.718750	16057.670898	54500.070312	14339.939453	6478.386230	31485.031250	18134.542969	12764.375000	17220.650391
3201.698975	13864.333008	13002.426758	29988.115234	26399.996094	62195.312500	13308.420898	8559.399414	26787.869141	18847.583984	8956.275391	17898.654297
2556.407227	12143.070312	14648.405273	29631.056641	29170.208984	69083.359375	13874.102539	8003.116211	26249.828125	19069.646484	10261.097656	17171.117188
3720.080078	12630.395508	15336.848633	37840.113281	20670.138672	69814.976562	12748.546875	6198.081055	28095.529297	19833.242188	13743.458984	14705.255859
4164.981445	12686.333984	18074.105469	36387.296875	18681.167969	63494.589844	12228.066406	8309.381836	24736.710938	23761.332031	15373.054688	14894.764648
4405.709961	15564.542969	17829.857422	34328.179688	25630.933594	59479.660156	12819.472656	10355.435547	25351.449219	22697.375000	17229.123047	15578.842773
4617.793945	15493.726562	11952.158203	31162.447266	25964.804688	57782.796875	12382.401367	10372.090820	28767.412109	20552.917969	14399.125000	15517.233398
3648.628906	10384.431641	11593.443359	31836.712891	28814.523438	50008.429688	10597.143555	7424.629883	27083.263672	19821.296875	11563.175781	15683.937500
3049.564453	10691.881836	11711.656250	38081.109375	26405.777344	44690.035156	9707.842773	4591.800781	21642.369141	20503.748047	11098.538086	13786.980469
3524.867920	11006.786133	11912.340820	38852.550781	19499.919922	41165.000000	8934.265625	4145.306152	14754.639648	26213.820312	13841.386719	12237.987305
3930.500732	10178.512695	14634.797852	44956.476562	22318.892578	35097.703125	7133.189941	4551.618164	12287.405273	33103.941406	13216.094727	14605.781250
3334.683105	8853.636719	11335.666992	42188.933594	19624.726562	28914.554688	5406.698730	3766.542725	12688.896484	42255.539062	17826.468750	16028.733398
3120.751709	6329.929199	10031.417969	42864.582031	17152.128906	17326.408203	5170.347656	4581.804199	14008.651367	53269.078125	27643.818359	14577.947266
3521.381348	5502.967285	8486.975586	63172.640625	21865.248047	13612.070312	6009.530273	6020.219238	17976.541016	65673.906250	33506.257812	14795.233398
4123.807617	4282.959473	13804.171875	76077.257812	23388.017578	19012.527344	5567.584473	5920.307617	20129.265625	74948.960938	34333.121094	14292.264648
6323.030762	11460.844727	17530.675781	70522.703125	20412.908203	19485.130859	5461.074219	6050.864258	16980.062500	62145.628906	31895.117188	14260.905273
6889.194824	13356.430664	14830.983398	57194.960938	22475.808594	18515.675781	6152.025391	5849.166992	15130.593750	51918.648438	34394.628906	15044.792969
5121.328613	10300.961914	14111.251953	47930.750000	21111.431641	17423.625000	6597.340332	5551.477539	15920.796875	49634.820312	34974.937500	14670.179688
5254.139648	13304.465820	12118.500000	57588.339844	19510.951172	19335.083984	7573.574707	5246.892578	13160.409180	39172.375000	31087.416016	13165.292969
4662.351562	8882.984375	11643.743164	70007.703125	22101.033203	23137.466797	7052.554199	4416.464355	10301.439453	33315.750000	27630.511719	12507.461914
3375.213623	7923.071777	10346.660156	67265.210938	15909.221680	19376.453125	5229.904297	4140.101562	9899.883789	31028.855469	21794.808594	12975.936523
5048.160156	8619.402344	14299.857422	56077.195312	13246.758789	15743.978516	4851.342773	4357.519043	12026.706055	39531.503906	16698.212891	12979.127930
3808.776123	4662.787598	15850.461914	52398.566406	13836.863281	10531.873047	4809.662109	4385.172363	12654.306641	38863.921875	16303.619141	12514.470703
1810.803101	6861.179688	16968.982422	45052.187500	10988.247070	5721.124512	5068.177734	4652.531738	10562.306641	30147.009766	11923.353516	10337.938477
3871.218994	8449.691406	13747.352539	43320.515625	15679.834961	9486.715820	4423.872070	6777.232910	10893.353516	48398.320312	10773.398438	10480.163086
4041.712891	5554.173828	5474.602539	42728.843750	29002.394531	11272.208008	4213.847168	6869.969727	10505.859375	78789.625000	23249.423828	12283.056641
2942.609131	3619.282227	4831.778320	55076.187500	36997.800781	7689.278809	4794.031250	6362.737793	9043.383789	80580.523438	27512.998047	11942.501953
2998.049072	4211.248047	4405.900391	75276.687500	28227.667969	6700.519043	4030.192139	7917.840332	9790.402344	68635.398438	14594.061523	10088.434570
3713.647705	4416.087891	4513.064941	63505.511719	17130.919922	10517.181641	4266.228027	6321.950684	11514.306641	64895.851562	11182.311523	9571.593750
3175.621582	7050.375000	8650.521484	43609.085938	13400.328125	10743.789062	4544.012207	5247.692871	13869.911133	62270.867188	12771.392578	9167.643555
2399.167725	9688.979492	12217.362305	47215.890625	16210.617188	7262.436035	4804.935059	8016.659180	14247.469727	59403.812500	8851.882812	8875.912109
4013.110107	9158.309570	13584.166016	58312.183594	21292.015625	7496.693359	4723.750977	8559.134766	11728.116211	62341.437500	9713.091797	9098.028320
4636.537109	9087.216797	12121.519531	64842.613281	28027.468750	6868.993652	4415.250488	6787.224121	10096.944336	60714.203125	12487.515625	8403.471680
3153.579102	10247.908203	9697.878906	59598.605469	29507.675781	6696.431152	4280.679688	5180.880371	10356.278320	40079.957031	13742.469727	6441.607422
2949.033691	11836.495117	14308.853516	50476.910156	23952.107422	8521.319336	6371.789062	4228.596680	9029.794922	20709.638672	10724.113281	5429.749023
4978.474121	10981.689453	19942.050781	38008.054688	15792.361328	9882.502930	6848.639160	3473.634766	10382.580078	15205.932617	6274.754395	5627.264160
7070.559082	12226.448242	19972.683594	25220.496094	10489.029297	10959.005859	5382.250488	3836.172852	15810.811523	19693.734375	9759.914062	5621.087402
4939.713379	8219.140625	16631.412109	26295.966797	12177.873047	11957.014648	4930.121094	7222.838379	13701.267578	20660.601562	11791.850586	7195.561523
2735.851562	5520.192871	15330.329102	26114.533203	11845.825195	10515.068359	3787.093750	8758.149414	8955.581055	16842.812500	8011.538574	8183.754883
3531.919189	12800.832031	13608.909180	27996.892578	9879.420898	8038.639160	4983.939453	6538.134766	10343.320312	19720.529297	6968.213867	7136.410645
2846.784424	12451.810547	10233.104492	31602.123047	13641.623047	14810.340820	6428.581055	6030.576172	10238.188477	19708.632812	7092.705566	6764.627441
2785.744141	7466.128906	21213.574219	26795.425781	23722.826172	16775.886719	7897.876953	6769.087891	15078.268555	19115.308594	8795.441406	7222.258301
3667.227295	6608.915527	28501.628906	26827.810547	23853.396484	16914.203125	10896.198242	5732.617188	18163.162109	28221.134766	11397.003906	8033.502441
3543.238770	8816.196289	38322.921875	31504.042969	18987.621094	26073.457031	9647.445312	5327.967773	16940.625000	29625.318359	10168.477539	9085.020508
3677.510498	9334.948242	46860.988281	28056.861328	28516.667969	20087.972656	10518.855469	4614.654297	16738.701172	21369.384766	8817.371094	9477.611328
3496.339355	7702.799316	34725.089844	28970.304688	33935.628906	14060.573242	9855.795898	4046.516846	15093.224609	20178.968750	8945.323242	9947.298828
2728.600586	6101.554688	32060.816406	36260.332031	29012.980469	18832.564453	7611.905762	4884.197266	15855.577148	22948.390625	9401.099609	12106.983398
2350.140137	6516.063477	33340.445312	28455.947266	21887.615234	18144.947266	10152.701172	5392.099609	14124.808594	20191.240234	8013.230469	12013.874023
2595.468018	8705.866211	36579.367188	25883.572266	17624.449219	14532.053711	10883.613281	4185.197754	13871.756836	20375.343750	6561.542969	8570.078125
3418.578613	10864.652344	49842.050781	31535.173828	25742.220703	13838.613281	9676.751953	4431.541992	13935.824219	19464.035156	5939.430664	6931.229980
3226.611572	12179.608398	34782.765625	26409.724609	24817.000000	15386.180664	7381.809082	5244.775391	13491.883789	16103.407227	5524.123047	6268.107422
2721.687256	9098.975586	13529.526367	25075.367188	15364.760742	17150.109375	8659.801758	4689.353027	13948.356445	15473.534180	7208.307617	5055.068848
4798.034668	7797.675293	12358.503906	28032.066406	16095.864258	22329.179688	11601.711914	6833.373047	13834.637695	19780.130859	7467.953613	4282.695801
4253.855957	7134.152832	13094.335938	29589.578125	14420.437500	25952.976562	11038.427734	7434.451172	11214.663086	21514.191406	7613.439941	3992.302734
3021.666992	6912.841309	14300.091797	35519.324219	17159.191406	17961.265625	7428.123047	4580.511230	10569.619141	15960.830078	7294.709473	4206.809570
3648.110107	9832.567383	14574.628906	55489.917969	20779.728516	11593.891602	4183.446777	4886.927734	11751.764648	13814.404297	6771.570801	4993.125977
3596.054688	9632.211914	27710.880859	59767.246094	26534.804688	20198.578125	5929.925293	5751.368652	13579.626953	20773.140625	7713.340332	6329.564941
4983.743652	6331.507812	35556.238281	39807.664062	48619.550781	19850.802734	6582.972168	5242.625977	17698.107422	23587.751953	9117.276367	7677.737305
5755.364258	4797.251953	24774.320312	23605.628906	63001.359375	15378.445312	6073.221680	6552.760254	23177.796875	18191.359375	10601.468750	7931.741699
6114.196777	5360.280273	13114.837891	21772.818359	69419.117188	20320.375000	9702.667969	6192.952637	29087.281250	20642.349609	10067.375977	8500.855469
6587.877930	8394.574219	13269.529297	28851.521484	76057.179688	19855.478516	13030.499023	7066.594727	28310.298828	22030.855469	8288.091797	8332.205078
6222.260742	8488.915039	16114.100586	29945.714844	73211.875000	16226.196289	12056.791992	10662.399414	25168.523438	24108.169922	7096.212891	8940.706055
4967.371094	9846.279297	18832.619141	20740.033203	66995.289062	17072.371094	10238.092773	10771.773438	25156.726562	23408.000000	6913.549805	10616.571289
3505.311523	12444.642578	20532.998047	21044.416016	62796.394531	17442.009766	9088.792969	6966.102539	27782.988281	18676.001953	7059.483887	10705.944336
4659.206055	8966.122070	17582.707031	25498.861328	62214.773438	20182.105469	8850.467773	4173.004395	27630.580078	17703.167969	7409.018555	10041.562500
4473.534668	7427.805664	17235.462891	24019.656250	64272.082031	23784.226562	9288.356445	5633.815430	25409.992188	15514.316406	5909.342285	7481.090332
3524.871338	6805.027344	16527.964844	24030.363281	61047.519531	16622.484375	9341.835938	9043.347656	20747.195312	14879.148438	4965.094727	5637.796875
3495.675293	5643.297852	14066.545898	24115.455078	44342.652344	19180.583984	9924.679688	10780.175781	14952.992188	11796.389648	6511.903809	5990.619141
2899.910400	7169.909668	14927.273438	37290.574219	26982.333984	32990.867188	8464.503906	7993.845703	15797.635742	9864.847656	6489.453125	8700.232422
4198.012695	6657.265137	18797.376953	48123.390625	25545.453125	39387.519531	17677.919922	6195.291504	20328.169922	21021.410156	12324.381836	14937.572266
4613.806152	8767.973633	20061.470703	43172.621094	32507.718750	45744.335938	17672.279297	8709.998047	23269.769531	21544.339844	17666.769531	13833.914062
3592.768555	12683.909180	27370.984375	33230.640625	39336.355469	40702.070312	11075.981445	7849.059082	20507.287109	13234.516602	14605.541992	9319.519531
4271.185059	15128.803711	24858.343750	23216.330078	38953.410156	25301.863281	10601.674805	5905.164062	17101.558594	14002.985352	10732.342773	9653.894531
4893.094727	11543.559570	15807.660156	22001.410156	28861.234375	25483.099609	6510.584473	5439.355957	15980.198242	13378.193359	8220.690430	10721.144531
4098.590820	7190.214355	16841.984375	21759.625000	26015.144531	32224.251953	6211.893066	4534.266602	14741.772461	12930.292969	7946.319824	11762.203125
4801.523926	9883.314453	15623.958984	29347.023438	33594.000000	28483.033203	7856.678223	4650.484375	16012.714844	12112.756836	11032.032227	11157.512695
4623.690918	9214.101562	17520.679688	31813.609375	31245.916016	23813.130859	7393.592773	5331.028809	15498.689453	14030.781250	11495.417969	11396.641602
2803.674072	11446.035156	20690.050781	26342.359375	26496.992188	26309.089844	5216.529785	6074.145020	15780.264648	15936.396484	8775.788086	11398.429688
3561.556152	13509.614258	19080.871094	28962.126953	30396.628906	24072.144531	6978.222656	4338.645020	16822.181641	14609.957031	7911.175781	12589.191406
4242.195801	8443.642578	11897.354492	33551.980469	34045.675781	17296.884766	7704.994141	3132.579346	12080.305664	13924.294922	8170.125000	13290.321289
2918.776123	6054.779297	13178.566406	29738.255859	35840.496094	15872.905273	7031.222168	3002.218506	10818.055664	13882.819336	7179.426270	11672.964844
2741.595215	6255.496094	20902.484375	23279.804688	32053.826172	18324.048828	8613.460938	3826.248535	14141.015625	17275.125000	5879.040039	10029.409180
2456.862061	6884.312500	25677.214844	26869.783203	28978.582031	21079.181641	9234.119141	5102.340332	15607.676758	19244.062500	11602.665039	10373.129883
3127.988525	9100.565430	29286.585938	24202.222656	24126.197266	18446.441406	8742.988281	4042.458252	14554.752930	20538.492188	11831.439453	10619.904297
4137.396484	7800.820801	31057.195312	19320.298828	18806.429688	19114.234375	7402.188965	4153.828125	14896.261719	16192.809570	6900.760254	8526.504883
4997.172852	6184.335449	25999.687500	17416.705078	18732.792969	20999.730469	5362.616211	3683.733398	14246.341797	13695.928711	6724.338867	7464.573242
5513.741699	6185.968750	19942.539062	19025.949219	18821.992188	17711.310547	10330.864258	3220.616211	16703.658203	15672.500000	7712.761230	8384.300781
3985.063477	4970.643066	21528.822266	23934.646484	18279.654297	19641.900391	12344.161133	4091.809570	18612.017578	20186.283203	6758.850586	8779.626953
3104.180908	7023.307617	25095.611328	17805.988281	19600.728516	22304.958984	8014.825195	4077.908447	15138.126953	20039.462891	5669.201660	8073.347656
3040.062988	8553.319336	28487.933594	20400.568359	22616.300781	19187.402344	6893.711914	3823.048340	15035.992188	20617.060547	7844.656738	9792.482422
3077.452881	9112.381836	29323.324219	29573.792969	21123.246094	13678.661133	10735.033203	3323.633057	17852.017578	31292.994141	9053.013672	8511.826172
3730.204834	10848.128906	26766.052734	32749.095703	17900.816406	17998.621094	10531.388672	3450.398438	15651.408203	25810.703125	7959.316895	5641.107910
2871.997314	9300.916992	22355.777344	32244.107422	25032.300781	21961.382812	9711.101562	3952.353027	12340.728516	24452.214844	6579.802246	5435.037598
2991.837891	6962.738770	26496.261719	28897.078125	28722.330078	15788.687500	11055.655273	3346.585693	13159.963867	28585.730469	6046.154785	5805.500977
3212.997559	6866.411133	32334.818359	23724.833984	23310.972656	9845.838867	7950.847656	3581.008057	13264.575195	22782.378906	5949.819336	7332.982910
2803.031494	7290.152832	29691.488281	23169.898438	30048.812500	9227.174805	10382.305664	3859.138916	14460.903320	21417.755859	6034.254883	7894.279785
3371.806152	6282.215820	22932.199219	25187.740234	47013.066406	17221.232422	13744.211914	4777.654785	17977.730469	20332.851562	6037.419434	9624.257812
3490.753174	6994.304199	27060.353516	19334.285156	65800.648438	22821.652344	10160.702148	5933.898438	26328.230469	21874.263672	7527.875000	13047.561523
4345.374512	9669.982422	39642.371094	21570.175781	66664.531250	23659.558594	11283.916016	5722.823242	34601.136719	24469.126953	8163.717285	13487.183594
4441.153809	8234.454102	43705.816406	22672.103516	56847.625000	25173.515625	14621.098633	6696.898438	34593.281250	23431.925781	8455.575195	12635.971680
3961.065430	5434.261719	41509.492188	16309.055664	62700.621094	22287.611328	11585.699219	7291.296875	30697.357422	21690.810547	9704.343750	14339.799805
3244.704834	7406.272949	37412.996094	19492.894531	71655.125000	18704.904297	11482.681641	5948.370117	28352.384766	20158.746094	9032.115234	17298.152344
3189.647217	9055.371094	37532.757812	25027.294922	73594.398438	20589.789062	13136.795898	4111.415039	28237.298828	26340.806641	8657.605469	16411.646484
4002.030518	5898.664062	32563.642578	23955.269531	79493.429688	21600.843750	9386.322266	4241.887695	25151.384766	28402.449219	11252.249023	15010.344727
3748.323242	4187.495605	20044.589844	15441.752930	80150.328125	19590.722656	7864.314453	4244.119629	16611.052734	23608.062500	14185.779297	14935.719727
3295.000977	7578.080566	16245.977539	8494.966797	66553.773438	20131.349609	11288.164062	3906.726074	14180.230469	24026.867188	14205.591797	14045.212891
3430.504150	7812.933594	19648.714844	13783.828125	53966.917969	20360.390625	12791.931641	2829.305176	13024.333984	22013.837891	12344.685547	11344.212891
3159.232178	5380.638184	21629.945312	16242.375000	34382.113281	18082.410156	10229.666992	2347.022217	11889.921875	19621.900391	10495.561523	7540.192871
3204.343506	6877.073730	18856.304688	11400.682617	18941.570312	18499.212891	12103.036133	3553.325195	14850.422852	21687.117188	10939.664062	5750.662598
3349.119141	7993.210938	14665.335938	15836.113281	16165.391602	24547.091797	13391.117188	4239.785645	15116.855469	22254.203125	16067.351562	6715.502930
4652.394531	9344.466797	15171.260742	18146.814453	16978.355469	26682.634766	9499.694336	4667.159668	13294.585938	17066.289062	15856.120117	8465.339844
5534.422852	13762.466797	18456.292969	13388.888672	19307.201172	19775.431641	10400.458984	4736.445801	13754.483398	16514.583984	13044.436523	7383.720703
4112.329102	17165.730469	22845.664062	14023.285156	19688.371094	16324.468750	12538.248047	4641.604492	13008.379883	22379.773438	10378.356445	6755.156738
3847.357178	14092.541016	34330.261719	21328.490234	19631.121094	16761.339844	11326.773438	5489.467773	10442.175781	20220.994141	9023.272461	10147.912109
4031.787598	10244.558594	35289.656250	24053.382812	22066.927734	13719.713867	11521.619141	5430.057617	10000.955078	16809.875000	17689.365234	14146.946289
2851.106445	10100.793945	28845.480469	22105.394531	27039.587891	12057.425781	15863.916016	4171.538086	11668.471680	21409.773438	16389.431641	14223.995117
2439.759033	10827.611328	24950.968750	28607.091797	33717.109375	12906.293945	15434.664062	5113.619629	13312.887695	21714.740234	11350.420898	11641.414062
3796.188721	11261.029297	20171.228516	37306.562500	36994.800781	13090.707031	9497.583984	5215.411133	10891.672852	15973.065430	12860.060547	9301.709961
3858.893799	8105.672852	23645.939453	36418.402344	29083.498047	10841.022461	8782.423828	4125.510742	8173.488281	14613.177734	11469.313477	8284.789062
2729.634277	8354.044922	26762.521484	26812.673828	25594.134766	8568.375000	9689.859375	3815.421143	12182.119141	24426.144531	11913.974609	6512.415039
2963.871094	8354.802734	26419.269531	26164.648438	24127.138672	8612.972656	7680.789062	3629.378906	12067.826172	24321.734375	9352.115234	6437.652344
3571.785400	7379.580566	26831.265625	26318.621094	19606.033203	10251.984375	8318.654297	3262.069092	8569.101562	16911.398438	8566.413086	6164.826172
2462.015381	9492.388672	32776.621094	20481.888672	15795.345703	9697.366211	12794.694336	2896.062988	9400.050781	17967.533203	9450.032227	5202.350586
1771.113770	8627.530273	37107.980469	16094.661133	21448.970703	10948.747070	11736.054688	4813.246094	11340.935547	23689.972656	8372.018555	9051.466797
3974.827393	8235.061523	33030.574219	8828.540039	23964.769531	12631.896484	9747.755859	6684.209961	11196.405273	26114.257812	15486.475586	11738.679688
5140.095703	13439.595703	33855.300781	5951.055176	17747.011719	10787.456055	11392.211914	5568.273926	7543.019043	20574.724609	18729.636719	13222.804688
5268.824219	14268.833984	25185.355469	9085.203125	20346.039062	10510.721680	10619.588867	4302.390137	6772.969727	19472.078125	21766.771484	13729.931641
5313.552734	15179.157227	18963.457031	7207.750000	23620.673828	10070.983398	8722.698242	4181.190430	7614.606445	21189.240234	20845.966797	12808.328125
6099.898438	15759.265625	23293.058594	14423.540039	22732.763672	8836.258789	6262.616211	3537.377930	7257.258789	21908.509766	13286.307617	11471.060547
6660.133301	9832.305664	25433.425781	23594.228516	23244.283203	9194.278320	9830.895508	2311.586670	7903.649902	17198.675781	14320.906250	9136.796875
4044.659668	11364.469727	33289.019531	19133.015625	22055.214844	10524.151367	14532.207031	1774.932861	6842.314941	16243.615234	15146.669922	8625.912109
3969.082520	14368.519531	28257.697266	13949.732422	18064.830078	10430.205078	10781.585938	3297.158936	4753.090820	16959.515625	15840.861328	7878.501465
5012.531250	11490.140625	17633.791016	19692.558594	15592.817383	9768.593750	7500.490234	3631.116211	5970.666992	14809.609375	14864.890625	7112.636230
3891.620117	10156.049805	18729.224609	24276.556641	16456.904297	9780.730469	9242.958008	2394.407959	8873.936523	19116.048828	15230.691406	6489.527344
4051.759766	11608.384766	24635.429688	20887.128906	21181.425781	9120.706055	7795.614258	2692.327393	8575.850586	20101.316406	13077.522461	5886.254883
4249.326660	8294.324219	31936.318359	16081.892578	28901.029297	8967.241211	6028.344727	4117.115234	6707.560059	18234.359375	8622.264648	5609.151855
5075.092285	8942.127930	31395.105469	10697.437500	31692.558594	10976.653320	6863.404785	4934.674805	6877.087891	17514.271484	8354.531250	5283.354980
5253.866699	13660.145508	24334.914062	9777.950195	26315.527344	9359.914062	5766.023926	5227.132324	8302.928711	18092.582031	9621.935547	5566.868164
3259.227051	12605.979492	21881.234375	10785.666992	20835.869141	8023.795410	4801.234375	5802.015137	8252.078125	22399.457031	11223.268555	6170.889648
4281.838379	11861.277344	22545.044922	11229.943359	18128.238281	8089.186523	7484.141113	5298.473633	6478.526367	24080.455078	16154.955078	6709.898438
5645.794434	11886.199219	21897.296875	10466.071289	16202.063477	9205.254883	7685.997559	5926.517090	6774.051758	19457.296875	16818.359375	6607.116699
4708.285645	13688.914062	20204.542969	13592.728516	15786.664062	13068.964844	8596.949219	6360.692383	7967.622559	20036.816406	11786.434570	5271.726074
4589.843750	13077.272461	21066.978516	17625.070312	19879.630859	12664.299805	8103.551270	4821.471191	7845.375488	20551.558594	10044.856445	5018.394531
5686.299805	9100.785156	27983.947266	18142.285156	20646.425781	10751.920898	7766.665527	3728.674805	7133.360840	16160.825195	7549.123535	5423.369629
5873.424316	12451.496094	29706.304688	15266.554688	12906.092773	11322.597656	8800.739258	3542.176025	7468.508789	19257.490234	6743.904785	5223.691895
6088.684570	14058.491211	22360.806641	13233.904297	8023.100586	10441.424805	7161.004395	4565.755371	8789.542969	19695.373047	6461.303711	4834.537109
7541.430176	13339.441406	14678.936523	13370.502930	12239.255859	8600.910156	7133.079590	4817.937012	8320.128906	17787.978516	7611.274414	5479.193848
6393.873047	12010.479492	13406.472656	12015.393555	17025.046875	8960.665039	6581.872070	5796.840820	5783.847168	15526.858398	7314.946289	5895.885254
4485.572754	7105.355469	14291.491211	12849.667969	19155.347656	9387.213867	5592.350098	4946.279297	6962.291992	12421.875000	5293.337891	4203.804199
4295.036133	10103.556641	15272.171875	18274.414062	21957.046875	9052.923828	7335.648438	2973.059082	7076.484375	14567.933594	5231.790039	4622.575684
4229.625488	13703.813477	13362.063477	23402.445312	19183.041016	8135.847656	9350.332031	3314.275146	6847.125977	20805.546875	7958.027344	5086.977539
3374.731445	17190.255859	8717.567383	22148.250000	16202.646484	9482.683594	9553.617188	4875.513672	7791.002930	20814.347656	9042.868164	5199.358887
4920.185059	20472.851562	9085.017578	24420.896484	16469.615234	9960.464844	8365.468750	6630.955566	6862.439941	18090.753906	7457.250488	5601.347168
5464.686523	13001.516602	9131.223633	21873.099609	15926.992188	8637.630859	4980.921875	5323.418457	8553.542969	22314.072266	6482.013672	5827.041504
4968.654297	9830.569336	10214.026367	14682.229492	15248.556641	10890.328125	5838.296387	4710.438965	12928.727539	26963.724609	6338.916016	7717.331055
7745.898926	11356.704102	15120.834961	17668.480469	15963.947266	11300.278320	9287.795898	5345.466797	19417.919922	24040.867188	8392.878906	9721.251953
6609.021973	9939.173828	15280.105469	17719.941406	16372.414062	11238.063477	8815.389648	4995.199219	17480.882812	19147.785156	10727.442383	11892.233398
2616.155518	8052.447266	16556.544922	17919.455078	14744.243164	9149.926758	6010.110352	3911.493896	13979.136719	26284.781250	11702.897461	10755.411133
2213.474365	6526.428711	21601.931641	13180.212891	12867.981445	6673.815918	6924.375977	4358.282227	12808.930664	32137.972656	9444.496094	7229.842773
2586.791992	10799.264648	18318.980469	12808.433594	12508.125000	8763.569336	10808.683594	4536.131348	8681.326172	21112.960938	5100.914551	5924.704102
2471.687500	11908.496094	16764.201172	19144.488281	16129.318359	9073.048828	9238.578125	5926.072754	7334.130859	14012.844727	3351.013916	5694.969727
2992.693604	9209.693359	17107.171875	15693.924805	15774.015625	7596.673828	7417.913574	8129.835938	5996.119629	18777.931641	4215.176758	5357.876953
3663.116455	8159.765137	15669.717773	12399.650391	14721.054688	7110.516113	9396.966797	8317.153320	5668.494141	20178.189453	5506.107422	4171.550781
3682.802979	10389.437500	19856.298828	14491.352539	17460.771484	8075.484375	8444.420898	7001.210449	6985.278809	19602.019531	5595.333008	4271.629395
2937.916260	12407.133789	17406.679688	13991.434570	15860.424805	11072.127930	7958.050781	4143.881348	6905.372070	23705.816406	5781.765625	5352.656738
3385.804688	9850.727539	11148.491211	21053.214844	13354.569336	12884.392578	10913.242188	3688.209717	6169.871582	20369.626953	5626.350586	5437.340332
2854.892334	10324.377930	10807.976562	21424.724609	20230.714844	9946.768555	11522.042969	4214.299805	6045.764160	10380.460938	4463.864258	5519.557129
3355.104736	9789.734375	14083.534180	16058.534180	26117.320312	10741.875977	10556.649414	3741.434570	7147.922852	14119.277344	5496.407715	5589.528809
5395.472656	10077.905273	24467.134766	17119.144531	22851.357422	14104.199219	8526.110352	4744.519043	7296.119141	19578.919922	5624.040039	5180.343262
5329.880859	17079.248047	21765.482422	10753.953125	29350.144531	14197.316406	8985.287109	6715.396484	6895.131836	18455.443359	4341.400391	6655.773438
3776.779053	12304.656250	20442.386719	8154.235352	35453.046875	14389.490234	10347.258789	6274.926270	8020.791504	18001.923828	4632.572266	7672.670410
2770.564941	6380.416016	22446.875000	9961.059570	26154.882812	11115.866211	8345.894531	4492.820801	8192.871094	18997.712891	5474.171387	7239.366699
3858.371826	9437.664062	13851.398438	7551.821289	17248.494141	6574.678223	5242.564453	3494.527100	6960.896484	17856.257812	5042.187500	6819.773926
4146.852539	9500.783203	7283.341797	7181.830078	13984.881836	5232.440430	4278.243652	4204.585449	4958.703613	22733.605469	6113.201172	5218.250977
4516.925781	8783.768555	5957.387695	11420.784180	13921.680664	5030.472656	5381.872070	4264.898926	5235.869629	31731.621094	6768.441895	5361.009766
4219.518555	5626.492188	13089.601562	17422.078125	14256.572266	8307.379883	5697.085938	2941.387939	7153.317871	31375.156250	7257.746582	5533.771973
3292.214111	6597.904297	12870.970703	24787.072266	15541.073242	9862.921875	5996.768066	2351.934082	6811.012207	25036.144531	6680.314941	5052.490234
4814.833984	7034.333496	5925.737793	23219.296875	14339.414062	7869.567383	4457.491211	2212.515869	7725.332520	22335.835938	4899.150879	4731.756836
5467.362305	7694.786133	6834.072266	20936.818359	18696.361328	10529.631836	7337.036621	6867.263184	16313.037109	25448.951172	10811.609375	8062.634277
4987.578125	10923.757812	12389.281250	23730.292969	32851.464844	22481.935547	11322.817383	10280.612305	25433.046875	25924.281250	23192.214844	13107.166016
4051.750732	9665.424805	15601.318359	16506.125000	29508.333984	20755.398438	12260.154297	6175.536621	25379.816406	24841.732422	19917.484375	11932.045898
4255.571777	8559.338867	16599.490234	11481.007812	24381.564453	9415.751953	14552.416016	3369.032715	17839.679688	19737.271484	7106.551270	8188.323242
3903.494141	12448.977539	21681.824219	12915.932617	29581.119141	10855.620117	12220.667969	3527.504395	10311.346680	17185.595703	4435.800293	6344.917969
2605.192139	15694.321289	32359.496094	10694.035156	20440.431641	16982.568359	8328.906250	3832.336914	7075.790039	18785.271484	4674.696777	5703.916504
2818.902588	13799.164062	36344.253906	15871.209961	10646.226562	16691.289062	8929.802734	3300.262695	6336.757812	14105.611328	4092.750000	4558.036133
3269.613525	10460.067383	28409.558594	18687.056641	16926.984375	10897.992188	8353.217773	3129.147461	5262.772461	10535.843750	4684.446289	4891.057129
4096.467773	7279.508789	28915.607422	13034.733398	17415.777344	10246.936523	6154.081055	2735.873535	4392.213379	10567.606445	5464.509277	5698.466309
4812.822266	7590.289551	35802.195312	9665.594727	13409.072266	8991.048828	4085.859619	1488.938354	5188.443848	12826.619141	4492.684570	4733.255859
3888.716797	8936.220703	35162.527344	11861.912109	12156.703125	8896.075195	4728.579102	1836.668701	5593.218750	18315.279297	5045.918457	4543.813965
2999.359619	10652.729492	33950.078125	13767.815430	9865.975586	9825.375977	5959.557617	2141.151611	5741.548828	16881.220703	6536.595703	5334.177246
2988.630371	14242.172852	32173.771484	12097.710938	10214.513672	11130.546875	6991.144531	2238.522705	5520.551270	13763.903320	10795.964844	6919.120117
4061.769043	17627.787109	24152.683594	11224.171875	10258.061523	8745.909180	7669.767090	4641.855469	6239.828125	19393.791016	12031.972656	8650.999023
5687.601562	16472.859375	24641.501953	11235.602539	11163.762695	5068.629395	6274.449219	7419.899902	8926.184570	24850.087891	14866.825195	8417.564453
4293.572266	15958.219727	26751.259766	9756.764648	10156.329102	6730.752441	6810.102539	6334.230469	8580.900391	25573.613281	28218.492188	8909.376953
2431.193604	14781.601562	18606.173828	8228.218750	9686.043945	6626.755859	7404.795898	4547.970703	8310.172852	22830.013672	33423.500000	10203.675781
2319.977051	16393.050781	21083.560547	8940.177734	8268.641602	7184.267090	6170.167969	5162.708008	8008.780762	18949.523438	26784.796875	10602.509766
2001.008911	17476.845703	25325.353516	9176.311523	7630.459961	9633.658203	5049.004395	5304.332031	5907.225586	17580.173828	24917.789062	11020.845703
3064.175781	12622.021484	27353.105469	14169.723633	10099.751953	11066.628906	5012.618652	4480.054199	6279.642578	18110.564453	32375.611328	7966.072266
5763.016602	13036.245117	22345.154297	20642.275391	9720.025391	8700.118164	6016.170898	5004.955566	8004.934082	28577.343750	24157.123047	4895.788086
4888.522461	14358.154297	12855.176758	19912.175781	9976.266602	7629.456055	6630.886719	5019.680176	7749.976562	31505.849609	8320.941406	4468.634277
3262.796143	10871.278320	11547.461914	14979.432617	11436.664062	9983.169922	6091.508301	3550.838867	6790.998535	22103.259766	5517.020020	4111.480469
3733.665771	7604.599609	11147.766602	11528.060547	9622.846680	7842.855469	4746.709961	3308.625732	7324.473633	21514.458984	6373.635742	4126.069336
3459.211914	11411.643555	11576.544922	10924.824219	6838.316406	6627.925293	4302.353027	3362.189697	8168.658203	20198.718750	7384.471191	4097.266602
2592.568115	12355.102539	11732.457031	10272.459961	7208.754395	12296.003906	6309.995117	3371.506348	8909.575195	14237.038086	6091.446289	5250.417480
1735.896362	7829.024414	10797.111328	9568.576172	12314.250000	12939.618164	6510.758301	3574.415039	8229.017578	14454.315430	5444.794922	5962.397461
2416.296387	7488.268555	11040.884766	6844.875000	15081.476562	13429.657227	5431.452148	4572.586426	12897.200195	18644.515625	6658.854980	7201.372559
3183.544922	16362.962891	12968.106445	8261.759766	19919.851562	27413.562500	6802.063477	5627.720215	28058.234375	24978.148438	8486.227539	10703.801758
2993.873779	25734.394531	13678.081055	10934.658203	18439.166016	39906.328125	9704.361328	5861.911621	30311.882812	29170.707031	11154.747070	11599.625977
3741.993408	22207.255859	13908.427734	8489.393555	18575.720703	35076.347656	11473.161133	5947.240723	22355.468750	32494.419922	11378.067383	9624.112305
3735.750000	16747.134766	18668.011719	7633.361328	20586.511719	22248.720703	7634.160645	5107.763672	18894.546875	31574.847656	12312.558594	8159.791016
3076.632324	12916.353516	22384.857422	7235.765137	20800.716797	12267.619141	4591.870605	3670.975586	12345.335938	25072.722656	12598.126953	8056.552246
3294.729736	6668.465332	20423.738281	6731.957031	28925.580078	8121.821289	6179.613281	3166.142334	7669.556641	27287.912109	9252.605469	7661.582520
3978.344482	6423.436035	19159.212891	7538.500977	24969.453125	12999.951172	6601.103516	2957.207031	5780.370605	21065.152344	6105.557617	5772.528320
5331.200684	14203.846680	15695.583008	10694.437500	14423.125000	11962.334961	6254.380371	2971.112549	4900.651855	10250.690430	4728.633301	5706.764160
5101.593262	13283.422852	16228.999023	14875.563477	11774.925781	6018.982422	5844.978516	3892.098877	5408.455566	14006.763672	6184.909668	7456.796387
4921.270508	7199.272949	19604.710938	17329.904297	14424.712891	5836.176270	5996.085449	3369.892090	5355.059082	17224.242188	5402.907715	9862.684570
3967.215820	8092.030762	14811.273438	16141.055664	16340.842773	7341.012695	4217.263672	1928.645386	5740.741699	16059.375000	3601.250977	10009.163086
2417.338867	6308.098145	12483.714844	12705.744141	14886.972656	9804.863281	3830.255859	2355.097656	5724.780762	19155.091797	4284.248047	7127.474609
3509.545898	5559.016113	20031.835938	14684.714844	14289.496094	10540.054688	6037.653809	3951.632324	6142.804199	20178.689453	5322.298828	6639.151367
4766.516113	15504.932617	20298.232422	12416.795898	11636.521484	10131.030273	6777.794922	5988.534180	8530.459961	21188.132812	5202.777344	6158.066406
4075.505371	15710.629883	15178.196289	11805.302734	13576.369141	9955.988281	5224.063477	5040.618164	10049.716797	24650.214844	5774.391602	5131.875977
3182.102051	7023.473145	12520.603516	19231.943359	23571.580078	13677.943359	4674.156250	3446.670410	10572.875977	25670.748047	6084.494629	5400.365723
2715.045166	8037.121094	15438.105469	26088.001953	27867.453125	13242.718750	8021.840332	3988.782715	9757.755859	24904.996094	6635.847656	4626.323730
3784.179199	8997.810547	19201.025391	22619.841797	22125.515625	11124.232422	10704.924805	3820.162598	8436.982422	24001.675781	7018.870117	5200.785645
6876.579102	9834.871094	12235.564453	12101.903320	20743.767578	15383.396484	8878.479492	3491.933105	7645.125488	23548.847656	5436.098145	5555.262695
6604.240234	11787.832031	6927.551758	19540.654297	21169.304688	16600.667969	6891.675781	3228.019287	7437.380371	19452.503906	4268.001953	4846.900391
5310.736328	9748.161133	8796.268555	21393.445312	16950.324219	15424.929688	7342.700195	3294.913330	6368.346191	15371.232422	4652.873047	4327.545898
3831.052246	5897.912109	7821.217285	9823.571289	9796.222656	8820.246094	4880.821289	2106.708740	3638.361572	8261.483398	3158.991455	1768.795532
